48	57	81	13	80
24	15	31	19	56
82	83	33	39	17
7	25	13	77	61
69	35	72	78	22
65	28	58	31	26
44	37	89	34	83
5	26	22	6	94
46	3	96	26	88
96	84	81	61	79
3	1	65	12	34
52	100	83	80	63
61	75	13	96	62
25	67	17	34	69
97	68	63	12	65
13	99	87	78	32
44	40	84	22	83
51	21	60	45	17
59	31	15	69	75
38	73	4	22	13
4	7	18	70	82
63	24	36	65	17
36	1	55	78	13
81	19	29	29	50
20	100	62	77	88
99	68	31	92	75
89	23	84	38	76
65	76	84	9	94
50	91	1	72	41
98	24	95	45	22
36	71	38	30	63
13	73	34	75	52
21	75	87	96	8
81	54	21	17	45
83	50	30	37	65
41	35	5	82	97
94	91	32	39	3
24	33	99	76	50
79	40	28	8	27
53	38	58	27	31
21	70	34	90	36
14	30	19	91	38
66	22	81	28	86
30	58	76	86	23
77	81	6	92	5
85	77	32	76	14
65	96	6	56	60
62	91	65	53	62
16	17	20	20	56
33	22	48	67	3
49	30	39	9	91
90	97	96	54	5
88	34	41	60	42
53	7	80	1	36
70	50	36	36	58
39	60	15	87	58
51	31	14	80	74
73	86	89	23	40
96	57	81	27	31
87	56	21	19	76
89	71	55	35	37
91	90	83	11	31
52	61	2	86	54
7	95	13	43	84
60	21	42	53	10
92	55	17	3	4
65	84	4	17	78
7	49	24	77	89
58	38	53	21	37
7	52	58	30	13
7	95	37	52	91
45	76	87	78	63
91	49	96	41	100
5	64	59	16	5
58	50	59	46	12
6	15	85	67	96
88	20	62	13	77
2	20	7	47	24
94	12	16	53	37
86	58	78	47	39
47	4	33	69	79
2	4	76	47	81
39	4	38	91	90
67	15	32	4	88
60	99	8	27	40
61	42	43	27	7
44	61	43	86	40
26	55	66	50	85
43	13	15	62	66
70	69	44	37	40
81	70	69	32	44
85	81	87	96	1
22	29	36	72	70
80	11	2	79	3
99	76	2	87	93
40	23	28	22	47
14	22	74	32	86
79	83	3	10	82
2	38	86	3	51
93	15	17	90	17
77	87	76	11	16
72	58	76	4	28
41	9	53	69	15
9	20	54	55	1
36	66	94	57	61
78	48	39	7	70
4	31	64	60	69
29	71	73	9	64
26	34	98	36	96
32	88	71	39	7
11	74	66	95	65
65	50	45	76	50
12	66	91	46	59
19	97	82	89	64
99	61	36	9	26
84	68	50	67	74
5	12	95	92	72
83	60	69	83	78
17	80	95	7	77
32	90	57	35	95
43	78	89	45	97
84	22	79	55	35
48	56	30	54	43
33	38	41	7	67
83	57	93	18	70
24	3	44	87	24
55	100	92	81	59
19	55	11	69	28
100	29	86	27	99
60	25	10	98	75
73	52	2	90	61
100	9	25	62	68
55	97	85	33	48
16	39	32	27	70
87	90	82	59	15
97	15	52	76	44
82	51	3	49	68
20	32	12	87	4
68	57	31	7	54
46	92	17	44	81
45	41	6	65	5
56	51	75	83	100
6	61	90	81	78
96	85	44	51	64
3	39	88	62	35
92	13	98	53	96
20	54	98	80	24
99	29	4	81	63
24	3	16	98	31
9	42	11	22	87
46	97	53	66	9
31	72	51	55	43
47	94	5	90	92
41	21	4	95	10
15	82	75	73	100
13	51	32	3	27
64	3	54	93	30
68	76	17	27	51
71	37	87	68	15
67	63	48	75	86
17	26	36	91	44
31	88	20	71	32
13	72	51	31	15
6	60	16	35	91
36	48	47	73	55
69	31	34	65	70
23	60	27	77	31
5	39	55	74	89
100	74	92	58	30
31	89	45	47	15
84	14	82	30	19
25	24	18	82	2
52	59	85	33	31
30	78	65	52	84
70	87	98	58	98
7	44	18	67	50
50	6	11	58	21
38	27	69	16	81
64	60	93	81	14
4	43	29	59	98
23	11	27	83	21
57	98	47	62	57
56	45	47	45	94
84	81	61	73	58
23	41	16	20	67
81	30	8	83	28
37	100	18	78	13
8	99	52	91	81
5	10	22	21	35
26	99	68	76	22
88	16	63	52	57
46	74	6	61	90
80	49	49	91	71
52	79	9	78	69
61	88	54	73	66
17	95	95	100	18
43	88	22	61	70
94	78	76	40	22
51	7	33	94	100
79	15	59	55	37
32	8	84	84	35
65	81	55	51	34
33	80	42	64	20
6	64	3	74	72
5	45	10	34	19
100	58	76	71	47
61	96	62	36	66
73	33	75	43	31
9	33	28	9	87
89	20	76	27	57
73	43	94	68	9
64	99	11	100	14
37	93	57	3	29
90	89	73	80	24
98	23	83	42	68
70	44	61	66	71
38	82	49	21	18
5	40	67	82	77
18	7	58	29	82
99	37	2	44	48
2	8	10	56	39
78	54	30	36	18
46	76	16	60	32
73	46	14	63	92
3	44	77	45	82
19	93	30	19	6
95	82	32	22	38
43	66	18	72	43
4	77	31	96	5
48	24	24	97	6
69	16	33	31	97
42	75	95	67	67
80	12	59	89	39
69	42	90	95	46
92	98	29	97	35
39	84	77	90	78
14	29	87	87	42
93	36	37	66	16
66	68	5	84	26
3	42	2	75	34
68	9	46	90	27
99	81	58	90	67
84	91	44	74	75
19	93	77	38	95
33	62	57	17	63
82	89	82	22	46
27	9	61	53	80
8	11	25	46	95
64	48	54	66	99
45	89	92	70	100
8	23	90	49	54
11	29	69	34	30
89	66	11	15	37
18	18	42	12	38
45	71	8	81	1
42	25	68	8	6
41	54	67	89	80
34	30	95	2	99
84	52	98	70	60
58	79	7	47	33
69	73	67	21	57
4	33	38	93	89
6	86	68	64	20
16	33	47	61	48
95	42	91	48	84
32	29	15	68	27
2	19	27	100	45
4	65	14	23	49
11	36	87	63	79
41	75	3	7	16
46	96	69	23	73
80	1	17	36	12
31	24	50	64	8
59	84	57	44	84
97	5	97	62	99
5	45	13	59	17
44	5	64	94	98
35	3	54	66	91
21	52	72	70	35
71	89	84	18	92
62	41	58	53	27
57	16	5	35	11
50	25	63	64	3
9	23	58	96	18
25	84	25	81	19
65	31	72	13	51
16	26	75	62	32
30	36	40	7	73
44	81	82	30	76
5	78	48	3	27
53	62	8	17	2
42	4	54	80	43
1	92	75	90	81
20	36	84	67	40
36	51	60	77	69
22	25	43	92	33
52	96	56	50	70
28	31	25	11	7
45	49	18	19	56
74	9	96	2	46
44	29	63	22	86
17	67	66	82	97
18	41	37	61	52
63	28	49	4	96
51	62	32	53	34
38	1	63	43	77
83	71	40	33	63
53	75	13	41	58
16	12	75	7	19
66	65	4	85	67
89	70	39	17	39
19	46	7	71	27
89	32	42	25	85
37	36	100	58	78
67	92	82	51	70
14	64	61	69	59
51	95	100	48	1
63	49	29	81	12
5	74	24	52	23
5	75	3	37	13
64	90	15	77	4
89	89	33	97	49
41	11	15	38	65
98	52	7	97	27
1	86	76	9	27
82	90	59	67	77
52	8	43	78	82
33	59	11	25	14
97	78	44	53	12
69	75	86	15	71
21	2	7	55	90
61	93	12	86	99
6	64	34	49	93
73	7	96	100	25
35	43	95	22	4
81	29	18	47	81
48	77	87	59	12
4	53	74	5	84
6	52	71	70	89
57	97	60	69	98
42	14	9	91	12
97	16	62	4	14
95	91	85	62	100
80	100	15	50	70
63	12	31	79	67
24	98	65	93	87
28	25	31	2	77
20	9	97	41	44
12	86	17	55	80
48	48	35	45	80
28	36	24	70	33
77	29	60	91	17
6	88	66	49	95
63	90	72	88	35
16	20	76	17	8
88	22	89	76	32
74	24	65	81	63
65	7	78	10	87
44	59	83	68	94
19	16	34	57	23
22	60	50	48	64
35	30	79	36	57
71	46	85	28	68
23	58	67	12	91
91	31	49	16	74
86	87	38	77	2
76	60	50	26	19
53	90	83	90	60
39	29	7	81	53
10	79	8	70	78
67	40	54	85	63
30	91	26	55	71
47	88	2	24	86
65	71	19	6	73
65	37	68	68	73
3	65	53	17	2
56	75	49	77	57
22	2	72	20	59
5	71	32	59	43
2	38	87	18	35
29	53	14	28	8
61	54	88	22	52
97	68	33	66	63
47	57	77	61	55
3	5	38	7	59
82	25	61	2	93
22	5	100	86	79
20	41	76	99	22
72	22	33	34	77
25	48	9	19	68
22	9	94	11	67
72	24	22	47	91
1	16	58	75	2
65	53	89	10	40
57	44	38	21	64
89	17	60	97	65
8	71	48	88	20
7	6	67	7	8
32	22	71	52	60
82	29	93	67	23
58	84	17	48	1
57	57	95	2	60
2	57	19	78	33
20	44	78	10	7
52	93	99	93	6
96	66	28	65	76
4	77	45	87	36
7	87	73	74	74
17	15	82	30	99
87	85	62	48	71
20	45	68	52	61
65	90	18	72	82
68	93	22	78	7
36	1	62	33	35
36	80	48	20	97
31	94	12	65	22
30	2	49	6	35
94	60	20	72	41
2	70	4	52	16
13	78	89	60	74
21	14	85	97	79
85	46	33	98	31
12	49	46	68	95
26	52	47	63	88
77	46	70	72	72
7	52	20	65	48
58	18	66	15	58
94	96	91	92	70
34	88	44	97	15
52	81	16	79	32
7	3	55	24	81
21	46	58	67	8
94	16	27	15	29
31	80	9	8	99
65	57	20	69	83
40	26	92	99	88
71	46	68	60	6
99	24	90	18	69
78	16	43	31	88
65	67	10	89	55
84	93	81	60	94
8	25	97	49	55
37	82	44	78	37
59	83	59	61	17
56	78	11	39	22
74	9	82	65	40
38	94	22	36	4
54	81	1	41	45
3	48	23	29	30
9	68	62	93	76
60	90	90	60	75
6	86	57	7	67
58	9	41	20	48
86	3	40	11	53
15	43	3	53	27
29	24	72	30	71
35	81	40	28	58
67	66	92	47	35
34	79	51	55	95
7	24	55	35	40
75	47	37	74	82
6	86	23	57	97
45	89	37	91	89
26	32	63	54	15
88	76	3	12	82
32	36	89	22	62
5	56	35	51	17
26	28	96	76	62
28	7	14	11	16
98	75	4	91	81
20	57	59	86	100
7	19	92	30	36
76	67	93	55	25
77	68	9	34	43
87	76	26	76	33
81	67	21	88	85
20	40	23	58	85
23	64	43	5	75
50	17	47	13	95
34	10	92	99	66
80	3	18	55	29
80	28	73	54	98
31	87	21	27	82
15	84	47	14	5
60	17	79	24	5
78	21	73	73	92
15	45	95	45	92
6	62	1	95	4
37	34	7	89	83
91	33	21	8	12
13	30	62	25	10
28	28	2	3	61
21	57	63	81	10
54	60	37	80	45
32	78	38	94	5
76	43	95	45	35
40	95	25	27	94
57	35	14	56	5
20	19	28	16	57
67	37	5	75	39
85	28	58	14	65
97	38	42	66	33
52	81	44	62	73
56	56	40	40	50
67	86	34	23	22
36	12	100	49	78
35	34	31	53	29
72	28	64	38	41
50	17	58	3	35
40	58	16	15	6
41	65	54	33	26
98	43	72	79	30
93	24	67	32	89
40	63	19	11	11
7	6	17	66	30
23	30	88	49	37
21	14	79	33	31
41	28	50	66	21
66	17	66	35	67
29	27	6	2	60
95	100	100	28	12
75	42	90	2	41
64	94	95	82	80
90	73	78	91	33
52	80	95	97	21
42	81	11	37	48
66	24	36	35	83
60	49	90	56	96
68	80	83	90	73
77	74	50	50	50
74	91	27	77	32
53	29	53	74	5
48	20	13	66	20
60	12	82	74	59
78	20	29	3	96
19	93	36	58	76
74	48	76	70	70
77	14	19	91	61
26	11	46	90	62
78	44	17	8	80
61	79	38	22	90
25	88	70	88	38
12	71	31	20	87
49	19	43	45	79
90	67	82	61	43
77	12	55	3	63
98	63	100	61	27
42	22	13	27	46
34	17	51	67	66
78	7	30	76	28
16	60	16	75	64
95	31	29	46	16
2	42	30	98	95
26	62	34	34	84
90	96	89	45	72
96	36	51	70	80
94	95	44	49	42
68	37	69	62	71
34	81	91	88	57
4	50	42	21	70
23	72	90	54	58
87	98	16	28	78
78	100	63	40	90
53	36	21	60	44
75	9	25	67	61
57	20	45	56	63
48	29	62	38	62
60	10	64	48	40
3	63	52	60	41
67	77	36	28	75
92	80	72	89	54
56	51	72	93	2
19	11	70	53	84
62	54	98	66	74
32	41	95	32	38
46	53	100	80	22
34	87	47	66	1
38	48	53	16	13
31	6	3	83	49
2	32	5	52	32
70	100	69	30	67
20	45	91	59	87
49	98	99	32	57
11	17	15	47	8
66	70	21	56	57
30	54	10	7	79
68	89	82	79	79
64	82	43	51	37
29	80	66	84	53
98	29	54	99	7
41	76	99	55	51
37	22	36	57	42
2	78	25	73	65
42	84	18	72	37
53	68	19	96	17
60	36	85	91	81
12	90	89	68	41
32	71	14	17	53
70	41	40	32	4
49	87	1	83	73
92	63	75	43	86
5	29	50	45	58
43	100	79	48	89
95	86	21	58	81
46	16	53	74	51
22	91	66	56	88
92	43	18	11	92
67	74	47	25	63
95	41	98	32	65
40	34	10	83	6
15	38	18	52	26
84	29	54	84	30
95	43	89	51	71
42	77	9	40	94
97	68	67	33	3
44	68	23	95	77
98	72	23	21	80
65	12	38	66	4
91	55	56	18	64
87	87	99	62	28
12	85	2	62	95
100	27	1	30	100
18	68	2	11	66
58	90	98	61	37
14	79	77	30	76
47	37	96	11	3
25	62	43	55	27
36	60	76	91	79
32	12	24	11	22
36	95	75	53	90
77	8	70	82	26
66	24	44	83	99
87	74	90	30	45
22	43	6	53	82
6	16	48	55	13
25	13	90	45	5
40	82	22	89	61
92	59	100	91	95
22	32	44	31	72
48	44	7	80	70
39	44	85	67	92
83	93	21	88	92
20	63	65	78	12
46	87	39	45	71
74	64	1	52	9
3	69	59	51	33
98	99	26	69	63
64	85	48	42	5
85	73	1	70	3
33	48	4	88	33
8	59	94	5	70
78	88	69	48	24
43	54	24	43	20
14	1	63	22	27
14	85	49	34	4
71	16	29	34	11
40	69	24	40	65
78	46	98	20	72
7	45	38	51	68
77	17	20	76	64
66	99	18	21	97
14	22	13	22	39
48	20	10	29	45
12	23	18	79	67
75	31	36	76	21
87	32	7	27	77
88	6	68	38	91
34	86	70	29	54
40	67	8	70	57
13	43	56	49	61
62	74	33	53	86
31	21	64	18	82
99	20	54	33	53
51	16	4	78	86
100	7	28	28	74
14	93	97	11	90
91	66	38	3	91
57	69	34	85	29
96	66	22	32	34
41	15	84	37	43
11	2	54	40	83
45	94	31	9	66
25	79	55	18	97
89	26	1	65	33
94	30	72	3	64
68	1	93	84	80
63	26	21	21	49
33	60	77	26	100
2	8	51	53	6
49	54	60	24	93
28	58	79	30	92
54	54	62	50	97
26	62	85	61	33
63	99	16	54	83
76	67	62	18	26
36	43	65	6	61
32	97	74	98	90
57	96	98	19	40
61	98	69	15	48
62	90	67	53	98
97	2	99	35	100
81	34	41	78	12
55	74	6	93	86
74	29	23	98	53
11	10	59	67	13
5	51	81	66	34
96	49	15	66	5
54	23	56	55	89
64	47	38	3	9
11	58	81	64	25
79	57	77	21	4
80	38	11	18	78
46	89	65	47	2
79	58	62	95	57
21	63	23	39	87
15	14	89	98	84
95	58	33	76	46
55	31	7	85	16
25	42	78	65	85
64	59	87	30	20
48	51	81	60	38
13	83	89	35	33
96	68	40	64	59
91	5	77	26	42
50	25	22	54	88
75	33	86	1	41
83	82	36	34	11
52	88	30	48	57
15	27	97	79	9
90	86	70	12	3
38	10	74	91	85
81	24	44	70	1
75	22	66	25	95
6	92	32	67	2
85	1	96	29	64
34	36	66	5	44
86	1	57	64	62
60	25	45	66	27
15	78	90	83	41
37	91	76	46	1
14	74	68	42	40
72	37	74	32	56
67	97	91	70	89
91	52	69	83	34
42	65	91	16	3
95	23	54	94	22
28	7	6	96	30
39	55	36	91	78
47	97	91	38	94
89	39	78	27	19
18	76	42	4	37
1	3	65	91	61
5	87	35	33	53
97	24	20	13	95
84	9	45	81	52
23	34	84	41	76
55	73	46	89	86
98	73	21	62	97
59	27	31	51	55
49	20	47	21	33
2	86	22	64	84
73	69	33	36	45
95	38	54	41	89
40	96	77	53	56
13	2	37	53	57
85	24	25	71	88
91	6	70	43	39
36	66	54	1	69
39	90	72	41	9
35	37	99	3	13
78	99	49	75	59
80	92	97	60	72
85	4	26	35	82
80	2	31	24	45
46	20	49	26	68
59	12	91	25	35
51	31	41	35	94
61	15	42	96	11
12	7	97	76	86
23	22	21	80	74
75	78	45	34	36
97	21	28	8	2
95	58	76	30	16
61	62	84	45	50
68	93	4	33	35
85	28	60	14	52
100	3	52	66	47
29	36	18	4	7
32	69	84	87	32
10	68	81	8	85
25	19	66	34	43
22	14	59	6	59
62	15	32	17	30
9	4	42	92	20
61	6	63	72	73
30	64	72	82	78
78	65	9	35	62
7	36	19	57	66
42	94	67	100	28
44	67	98	97	77
13	53	39	80	83
47	19	44	40	23
49	53	93	91	88
69	62	1	77	20
40	58	36	49	26
90	36	5	99	95
40	92	95	7	98
91	65	3	83	75
63	97	57	43	58
89	46	2	69	59
40	40	63	15	65
58	57	44	33	54
24	69	94	100	53
77	49	49	94	3
77	66	4	8	57
35	78	18	62	86
24	77	84	43	13
80	34	24	75	49
62	72	38	22	6
58	20	19	44	17
3	1	28	16	24
72	79	47	50	54
31	30	7	5	99
67	52	23	21	7
69	6	44	3	75
26	17	2	74	82
3	19	8	52	98
73	44	5	64	27
7	7	67	32	68
58	79	11	73	60
20	84	88	6	22
58	92	28	23	6
50	90	6	100	38
95	78	63	83	58
11	1	87	56	41
34	80	70	2	43
37	68	40	81	72
4	20	55	43	9
38	32	5	27	95
89	16	61	13	45
92	11	72	17	58
75	67	17	62	89
28	12	32	19	96
3	54	98	75	2
98	31	98	6	94
57	87	100	28	12
90	77	11	72	12
44	57	6	85	76
60	59	73	51	37
21	37	62	53	59
49	85	79	17	72
70	85	23	47	11
79	81	99	50	70
53	24	17	84	65
11	37	81	58	34
11	65	77	43	85
17	76	87	33	89
29	17	12	87	11
72	27	75	33	22
9	69	64	96	82
71	87	11	58	59
14	47	83	24	91
57	56	35	67	13
11	37	89	47	7
64	58	78	12	96
38	20	36	93	67
29	76	10	55	32
28	37	6	80	28
53	39	46	73	25
48	50	3	30	26
53	12	19	92	71
15	80	72	91	37
28	13	73	74	75
42	34	81	8	62
61	85	11	4	26
95	77	18	44	30
76	51	54	14	86
40	18	81	43	86
14	65	3	69	4
90	29	82	61	44
57	48	48	53	30
23	53	82	7	44
33	91	81	66	69
50	31	56	21	91
54	89	56	11	43
33	80	70	53	20
91	1	76	97	34
58	38	44	11	76
39	79	23	80	41
59	49	92	35	64
6	67	26	57	39
15	85	43	9	82
64	6	87	37	81
93	95	34	83	76
52	45	70	36	83
78	56	23	87	75
90	53	46	29	92
44	13	40	39	89
89	6	24	82	14
21	3	65	76	54
61	61	17	53	22
35	97	49	50	45
81	77	57	80	90
13	6	100	70	3
53	93	71	98	13
31	45	68	88	49
67	19	76	4	52
94	69	42	63	91
42	89	94	15	86
65	24	10	59	41
39	63	60	88	85
7	18	8	14	73
62	5	24	44	35
44	45	93	62	59
7	37	69	68	1
64	62	43	3	46
21	68	50	86	15
3	56	59	5	91
76	30	92	17	27
47	51	45	36	27
71	99	68	67	98
18	62	78	6	59
26	17	17	95	52
27	62	71	92	59
78	19	1	88	8
52	95	27	95	51
12	74	89	45	67
19	18	16	64	67
25	97	60	38	82
84	92	55	53	97
52	28	2	29	1
10	63	13	100	40
57	75	22	71	32
3	94	67	78	99
30	72	69	90	80
12	98	5	5	82
65	90	7	51	68
30	91	24	62	33
87	47	98	56	99
11	17	79	84	64
91	21	44	48	4
50	95	85	6	82
82	53	22	40	35
85	84	94	90	42
66	87	41	16	17
76	96	95	69	1
67	60	34	35	53
26	95	3	77	89
39	84	11	23	28
57	59	44	32	49
74	2	54	58	7
17	2	27	91	22
41	36	5	69	63
93	30	62	86	77
27	40	80	74	57
96	58	42	80	85
78	78	40	11	41
73	37	21	93	57
52	84	81	31	74
28	2	86	64	67
82	38	95	28	90
34	79	5	67	50
26	8	33	49	92
92	83	100	11	29
81	33	59	58	85
44	62	7	44	5
99	85	58	97	29
59	9	28	2	20
52	37	80	41	3
67	50	15	73	47
46	27	48	86	79
22	99	11	65	27
94	43	39	53	28
54	90	91	32	34
97	31	38	58	94
62	57	47	3	72
33	7	58	66	6
1	92	70	89	12
84	15	48	88	16
56	88	75	65	50
5	44	100	23	33
24	26	61	16	59
95	78	45	79	10
53	62	33	77	59
19	62	5	32	52
78	65	19	4	30
7	25	67	49	38
86	90	63	12	23
71	73	10	66	38
74	11	69	100	60
9	22	1	96	74
52	77	96	48	64
51	66	57	98	80
61	68	1	74	99
44	47	24	98	30
29	85	91	2	89
88	82	60	1	57
21	14	56	47	91
32	74	55	50	70
69	91	92	26	55
73	94	37	15	94
41	53	3	79	1
87	83	35	74	60
46	11	55	46	69
14	26	70	31	63
5	56	58	48	1
39	82	95	26	36
74	1	79	48	33
72	19	96	12	40
81	39	44	75	44
38	54	63	79	3
51	11	32	50	34
50	12	41	17	33
83	94	6	84	22
51	59	63	14	70
38	56	45	24	40
93	25	77	91	14
98	52	71	80	96
16	96	54	26	49
100	15	82	3	48
58	25	71	8	15
46	17	64	94	58
100	27	80	61	100
58	40	20	80	66
7	18	66	27	34
94	35	3	96	72
66	69	35	72	94
74	19	96	9	84
9	62	87	26	61
5	65	41	96	93
51	95	59	91	48
7	55	14	2	82
85	58	93	87	20
59	47	60	69	96
14	51	49	30	12
90	12	35	72	57
51	9	38	27	48
89	100	76	33	76
46	49	89	6	87
48	38	33	18	87
32	84	96	40	15
81	16	55	63	61
12	27	56	29	17
30	10	82	21	89
50	84	30	49	60
35	77	34	3	8
96	64	63	19	66
44	57	9	32	57
77	6	5	3	70
55	60	58	33	16
94	41	79	81	44
70	43	29	97	85
61	93	61	48	43
62	81	82	75	85
16	9	29	24	79
11	68	44	51	87
19	84	81	60	74
94	21	82	98	4
34	73	84	25	80
88	88	52	98	92
38	4	24	37	86
6	5	89	61	74
26	3	71	94	44
19	50	81	18	2
69	95	97	58	82
11	24	95	99	79
36	52	5	78	33
17	76	50	54	17
23	8	82	15	78
84	82	58	90	58
60	31	28	61	64
83	79	53	24	66
52	95	75	7	33
92	23	20	62	32
56	85	45	35	84
93	4	1	76	40
37	80	8	17	81
8	11	75	36	71
84	16	59	51	15
93	48	70	39	97
82	20	47	20	40
58	24	35	17	43
73	3	21	17	97
52	91	10	23	85
92	76	5	54	1
36	72	79	81	88
11	93	33	10	8
77	68	62	38	36
84	32	96	46	55
36	78	40	64	97
91	49	99	61	53
91	56	35	35	21
8	40	16	100	80
24	88	22	68	22
20	87	76	30	68
17	50	28	52	46
37	99	66	23	95
91	41	27	42	37
98	21	76	33	5
46	49	93	47	81
64	44	49	81	56
4	100	90	68	92
59	50	57	91	15
33	95	29	84	44
27	20	44	80	52
74	94	22	36	34
86	37	61	87	36
81	1	74	86	40
10	64	74	8	84
17	55	38	17	84
15	24	82	73	99
100	50	68	83	45
48	11	100	30	70
33	32	93	84	1
42	87	34	100	22
98	76	63	92	58
58	13	12	65	60
45	9	50	15	58
83	27	87	68	38
59	16	74	17	50
72	41	53	29	72
79	31	90	10	91
61	19	48	43	10
70	3	41	98	56
58	39	40	68	99
14	42	69	78	86
14	60	17	83	72
67	24	47	19	55
69	42	36	77	45
70	30	48	26	2
64	52	68	86	48
63	39	27	31	68
43	87	54	70	62
10	10	65	65	70
22	42	63	99	40
63	2	60	89	61
82	18	85	25	30
100	58	9	19	89
70	29	44	10	1
35	75	15	55	24
76	24	14	12	46
63	51	1	3	2
81	94	20	50	13
54	36	97	66	94
31	28	37	22	15
16	9	44	60	4
100	52	35	50	87
22	45	88	16	40
35	4	15	91	6
64	8	53	26	66
10	78	61	73	23
61	51	97	61	83
13	49	40	22	98
55	73	93	74	91
68	75	85	91	60
56	91	52	45	45
83	50	18	52	12
8	30	84	34	87
80	20	58	82	96
71	65	74	35	33
42	19	33	30	65
19	22	79	7	39
22	90	80	92	66
95	41	15	85	78
42	66	98	21	24
46	70	60	10	91
76	72	3	90	65
82	34	57	12	65
11	63	76	39	73
52	25	93	43	59
26	11	26	6	23
27	44	58	83	10
90	86	64	20	8
19	28	78	39	5
8	74	25	95	57
76	78	89	17	23
48	34	86	86	77
80	48	6	90	70
64	27	68	66	66
9	35	86	83	84
45	56	36	37	42
32	69	56	95	53
91	86	46	84	68
29	49	76	28	94
15	74	23	72	85
70	45	15	95	1
49	24	16	40	7
26	40	71	68	10
86	1	36	59	85
57	89	95	81	27
27	80	8	69	1
21	38	22	8	18
74	56	63	88	32
7	84	21	27	25
70	7	37	74	54
90	59	75	65	69
74	62	53	35	60
2	3	26	51	67
56	41	91	73	34
60	29	66	69	20
2	76	15	85	18
46	1	66	71	78
72	28	91	34	66
57	62	62	31	3
82	70	70	75	61
21	18	26	13	85
73	79	80	4	7
86	20	64	37	97
21	75	12	23	79
4	75	18	64	21
38	34	47	2	18
61	43	25	29	74
86	66	24	18	60
95	77	15	28	52
87	82	57	52	6
41	6	91	39	96
27	54	73	97	15
20	51	75	33	46
12	85	52	23	39
31	16	86	64	48
35	45	31	53	45
22	79	17	84	46
76	83	18	79	51
58	57	33	36	35
73	45	60	5	42
42	38	65	43	58
49	63	35	98	63
83	13	71	70	83
57	99	59	64	16
5	47	51	15	49
13	13	11	59	52
31	41	30	53	88
91	72	64	78	31
2	67	4	67	41
26	85	77	23	46
96	66	45	34	49
87	62	90	4	79
43	34	13	80	97
91	44	23	29	18
100	88	84	95	8
48	14	97	38	60
18	6	39	81	6
76	32	71	90	90
57	18	1	59	46
59	72	89	68	32
46	17	84	76	64
26	36	86	49	75
98	98	34	69	95
76	36	9	22	72
98	17	43	21	22
9	60	52	20	11
53	100	68	16	16
93	33	27	77	92
93	77	37	12	90
16	88	99	92	33
47	96	35	17	42
56	82	27	81	88
70	79	37	34	24
4	30	35	14	69
96	26	83	74	88
76	96	4	43	62
22	32	9	57	68
34	2	87	60	72
1	96	86	46	95
85	63	38	44	72
57	85	43	87	97
89	43	87	28	61
94	27	98	10	57
66	57	93	35	15
50	26	36	99	32
92	85	82	9	22
50	71	42	93	47
7	80	95	35	73
25	14	46	41	18
36	84	85	31	89
49	36	100	97	5
80	82	91	83	20
75	38	62	51	34
71	100	91	30	11
38	40	31	26	88
16	39	79	33	22
51	57	63	69	93
83	84	40	99	72
5	84	21	89	42
21	15	82	78	77
59	88	80	27	22
91	51	98	61	38
42	43	19	76	69
3	83	25	3	56
24	61	41	52	2
30	82	19	7	33
27	19	62	41	97
47	59	27	99	3
65	29	4	14	16
48	96	72	12	57
6	66	71	68	70
55	15	46	85	73
57	94	97	95	19
68	72	100	72	12
82	63	25	8	24
21	31	89	3	42
22	86	3	56	31
18	76	45	48	91
35	35	88	14	32
16	32	58	84	43
93	24	87	89	10
19	77	34	11	90
38	66	22	21	24
71	40	24	91	11
21	72	62	50	2
76	65	55	40	55
63	74	1	38	15
66	80	47	23	4
16	100	44	35	64
93	89	90	73	56
37	26	14	67	30
33	11	38	69	20
37	93	4	93	44
45	3	10	90	41
15	98	38	1	68
100	59	16	100	16
73	82	83	51	35
74	44	64	3	60
97	36	87	74	94
1	76	97	21	45
78	57	65	22	50
70	90	50	76	96
92	61	14	60	9
81	1	38	13	83
65	92	78	14	15
79	16	51	79	69
37	8	51	69	67
52	90	96	89	97
37	21	81	31	72
89	13	76	18	13
78	45	29	39	37
19	30	53	27	24
46	44	91	1	22
61	4	32	63	73
82	47	63	79	2
14	60	55	25	4
22	79	7	55	5
77	65	23	62	37
53	42	55	57	77
73	60	30	27	82
21	38	98	6	17
82	10	99	84	70
97	31	10	46	46
51	60	68	8	78
69	63	81	43	56
29	34	46	36	69
83	54	86	97	1
56	68	18	20	100
1	70	16	76	3
93	46	23	21	94
45	81	59	98	41
1	10	1	89	46
30	74	12	66	100
67	69	73	45	16
65	69	36	77	80
33	70	85	36	66
48	13	58	100	96
86	96	20	24	77
75	1	83	40	30
5	41	2	6	40
76	15	28	38	15
50	76	77	100	42
68	25	99	24	79
67	24	71	84	58
6	27	25	90	41
1	7	75	43	29
50	78	14	93	43
40	9	5	74	87
23	79	19	62	79
98	76	52	46	62
7	4	42	85	78
44	39	49	3	84
35	88	38	1	79
37	32	63	42	32
80	46	36	26	78
84	33	56	94	61
97	81	71	59	62
78	57	86	20	87
30	22	78	83	31
83	100	27	63	21
49	6	2	36	100
44	93	60	19	48
13	11	68	30	29
42	42	32	80	27
1	77	51	64	94
52	90	34	7	27
5	45	75	98	51
62	46	13	25	66
11	16	74	70	84
72	80	33	82	34
33	89	38	93	62
98	47	6	49	99
93	67	93	33	64
91	38	35	50	28
81	41	63	77	32
81	59	31	83	78
37	70	26	40	94
81	60	13	6	2
27	15	31	84	17
94	75	20	63	42
46	46	99	93	25
87	11	58	2	83
63	67	96	44	97
21	55	6	23	46
32	71	12	1	29
76	75	63	91	14
3	86	18	97	43
54	74	83	37	81
78	69	52	90	81
17	48	90	30	45
39	62	32	54	52
71	4	90	75	45
98	10	98	38	91
39	26	70	39	89
75	31	65	79	70
13	3	68	45	98
92	19	65	36	25
67	84	69	2	46
29	28	64	19	43
72	83	65	88	9
47	97	40	34	25
5	14	27	56	78
57	37	11	17	95
75	82	6	47	64
97	38	95	96	72
17	48	46	17	6
15	84	86	3	24
92	54	68	39	92
17	78	58	39	54
86	47	25	46	7
80	24	94	19	39
20	51	26	58	31
3	89	83	67	79
15	76	27	46	47
49	31	68	41	99
72	16	77	66	82
89	88	66	33	42
97	8	85	64	96
48	80	72	55	88
70	76	90	70	98
39	17	63	62	1
4	10	79	34	79
59	15	14	91	65
47	57	56	76	65
25	19	85	92	43
72	13	54	82	32
82	67	40	20	3
24	44	37	3	9
45	31	48	46	50
4	77	7	13	25
41	17	40	48	22
88	100	62	33	49
12	47	57	5	58
50	79	31	59	92
66	66	85	70	17
75	19	61	68	45
49	82	60	69	52
20	96	90	16	99
29	36	71	17	16
94	80	31	5	41
49	39	73	41	82
87	19	17	76	48
55	5	5	10	86
48	36	43	97	91
56	6	33	84	81
71	84	27	50	24
59	1	65	1	72
56	24	46	81	77
19	14	93	12	68
9	68	78	69	96
84	14	91	23	87
62	55	71	35	22
21	25	9	92	9
34	56	19	32	5
74	79	44	66	5
16	54	40	3	39
50	83	14	34	19
67	53	66	16	52
21	76	29	40	4
92	5	98	51	7
98	38	41	83	9
7	48	17	15	36
29	88	81	5	33
28	55	70	8	10
69	79	31	34	88
75	91	30	76	83
93	70	40	63	65
11	49	96	18	45
24	13	12	71	65
57	33	19	41	13
87	10	35	28	27
78	53	88	27	7
20	29	53	7	37
47	98	59	17	84
89	55	97	94	99
21	90	17	86	75
11	85	54	71	71
25	52	10	41	42
12	73	78	23	96
79	2	14	9	90
17	72	17	14	85
42	42	94	80	69
16	74	1	76	79
86	22	74	79	84
20	89	29	69	23
1	46	30	22	16
48	16	19	33	17
9	33	90	84	66
97	54	29	44	2
92	51	41	59	79
91	75	73	90	70
80	14	1	83	99
87	4	25	70	81
82	33	12	80	81
49	65	58	43	69
14	62	36	44	19
55	38	69	64	3
35	46	78	30	34
24	11	40	27	90
10	90	45	32	38
51	57	45	47	64
20	89	81	32	3
23	93	70	1	6
15	32	11	71	40
35	65	4	50	90
10	50	18	80	25
52	40	56	80	69
92	71	44	47	26
34	96	79	26	66
21	52	60	21	61
57	55	25	69	10
74	80	99	25	44
20	36	91	40	14
87	28	42	76	2
20	54	82	11	76
61	14	15	73	24
33	19	90	15	47
45	31	55	12	96
78	37	13	45	67
56	56	87	70	55
84	70	19	46	67
27	31	69	40	19
78	10	48	19	50
16	69	1	58	64
19	26	37	48	77
60	67	23	47	51
22	49	38	25	10
90	6	77	56	10
78	61	92	80	80
81	23	2	12	63
74	17	88	63	68
89	3	46	60	31
39	29	51	94	70
55	14	15	24	32
14	38	49	15	40
100	71	34	26	39
83	69	81	52	65
6	27	74	37	56
18	11	57	49	5
91	48	3	65	25
99	43	44	64	79
92	54	99	30	30
78	23	60	20	75
29	32	62	29	22
36	82	56	7	22
83	83	72	2	77
94	99	2	35	57
54	67	2	27	14
71	53	77	50	66
88	50	30	58	1
35	42	47	67	78
18	3	59	76	76
40	73	42	73	24
25	59	15	58	94
13	94	76	40	13
84	11	59	44	42
55	94	76	95	88
85	39	46	93	92
76	21	73	93	24
12	98	92	47	27
58	37	36	64	76
43	45	15	32	67
30	86	78	59	56
56	59	17	33	95
21	14	7	95	30
51	68	2	26	43
97	22	11	24	89
32	98	14	57	12
45	99	64	66	83
84	35	78	63	19
42	35	34	87	28
90	93	70	93	44
85	67	81	92	94
54	18	39	31	39
76	78	87	36	88
63	98	86	80	38
66	51	65	90	13
32	59	96	92	11
47	46	65	36	3
74	94	48	3	34
43	68	46	61	15
75	63	63	22	89
86	81	66	78	68
71	37	61	85	52
24	90	14	30	96
78	53	4	79	72
79	7	83	55	83
82	98	30	35	35
48	20	69	84	83
24	78	54	91	64
10	15	79	8	8
63	23	14	48	43
39	56	20	29	56
27	76	3	32	55
20	70	79	18	14
18	32	98	67	75
22	20	82	88	24
98	80	73	29	21
74	28	81	87	3
72	82	84	34	72
77	65	93	9	21
7	76	75	30	1
63	9	44	43	10
68	39	82	31	93
5	66	15	67	50
27	100	57	54	96
61	77	24	47	37
1	78	35	26	33
97	81	96	77	96
55	79	63	79	13
32	49	89	72	98
83	55	70	59	62
22	21	52	29	76
47	9	62	29	1
11	21	64	37	33
44	73	12	96	38
20	59	11	61	51
18	42	99	61	52
100	23	57	73	80
14	93	62	14	78
71	90	6	91	83
35	16	11	81	53
93	60	39	14	96
33	12	8	51	52
28	62	53	29	33
3	50	19	28	10
33	65	47	29	95
47	94	16	82	94
48	88	33	56	39
99	30	46	76	52
40	5	30	96	36
55	65	82	72	98
63	24	33	57	6
42	7	12	63	87
31	69	9	95	71
74	16	73	35	9
14	28	12	68	39
80	84	69	87	42
66	60	67	7	74
48	56	75	30	2
86	90	90	10	10
30	85	11	33	16
18	93	13	43	79
45	20	41	92	11
83	90	14	44	82
95	76	42	37	42
14	50	65	94	61
10	45	96	88	65
1	78	29	75	23
82	68	28	71	48
46	78	82	68	14
66	3	36	76	9
87	8	63	29	35
70	81	77	33	30
88	47	95	28	28
11	63	23	46	35
14	92	57	20	63
37	68	4	77	71
87	5	57	17	98
26	16	9	50	84
33	8	37	70	96
81	46	43	33	95
16	30	65	64	89
51	19	8	38	87
97	94	75	11	100
83	79	16	20	44
86	19	66	19	39
52	71	79	53	80
51	80	25	30	63
69	7	69	16	92
30	20	13	29	8
93	84	22	14	3
62	92	17	47	35
27	80	29	91	40
39	8	28	100	45
66	8	10	5	63
39	3	89	58	47
76	51	11	25	74
16	54	27	32	29
96	95	25	48	78
80	4	55	65	12
49	58	10	33	58
85	79	47	80	32
40	55	93	7	67
63	58	86	12	48
61	56	44	96	80
45	6	91	1	56
82	54	44	38	8
54	51	79	86	33
95	51	31	12	20
13	85	13	38	55
16	38	79	81	77
27	18	4	14	87
88	11	36	23	38
93	72	43	24	10
4	63	23	4	81
33	61	69	46	11
76	41	13	56	85
18	54	57	41	98
39	11	90	24	99
22	34	32	57	9
5	20	82	79	62
33	90	88	27	29
18	65	72	47	7
22	82	11	93	13
77	83	99	30	60
27	39	64	23	5
99	7	34	14	54
43	33	48	17	79
93	37	26	63	83
98	69	68	32	35
21	86	91	24	69
74	25	6	45	46
22	4	32	57	23
24	46	90	11	95
48	88	65	91	26
61	57	47	91	48
52	77	69	74	99
22	9	3	24	21
73	33	7	88	72
97	89	79	75	32
92	60	41	11	60
1	12	45	52	13
17	59	21	81	90
46	32	66	33	72
89	95	52	60	73
47	71	58	33	24
76	34	64	80	64
74	50	77	29	17
45	60	80	57	8
27	47	32	45	87
10	19	69	76	30
71	73	75	53	45
80	51	46	48	79
4	34	39	85	50
32	39	16	4	53
66	11	76	32	51
25	27	82	79	54
71	29	54	81	99
61	10	51	12	54
16	97	48	83	70
94	6	10	79	33
4	66	75	47	71
37	14	95	80	6
82	54	24	12	90
92	19	29	38	23
31	19	17	24	90
45	18	23	71	99
34	76	68	63	3
9	12	33	43	91
72	53	89	69	70
6	37	7	84	33
49	36	27	72	38
100	84	43	3	62
27	13	36	6	32
84	72	63	5	89
76	86	66	100	21
69	35	65	63	12
82	12	23	11	57
43	99	51	45	5
18	100	28	55	64
62	64	100	69	53
5	47	52	48	100
17	36	64	37	21
56	29	78	93	27
15	59	19	80	32
5	35	30	10	22
56	23	26	29	35
95	5	35	96	91
23	10	71	13	48
37	18	44	8	72
60	38	32	94	23
52	92	23	4	58
46	19	36	24	57
65	97	29	16	42
94	46	14	31	70
16	73	37	84	28
14	91	58	68	17
97	27	8	42	44
68	60	59	74	88
73	31	58	83	19
53	68	28	57	99
44	32	66	76	2
66	37	20	21	15
16	26	21	78	51
44	14	18	30	68
82	21	37	8	52
63	25	86	61	78
3	30	78	37	61
36	45	66	76	71
24	51	51	5	52
1	1	81	83	79
77	32	61	41	38
95	84	15	54	91
5	57	75	50	8
79	59	51	15	38
47	58	77	68	73
83	46	15	61	28
20	77	89	58	82
7	98	65	78	61
45	33	99	46	88
92	34	22	35	76
18	58	44	85	71
12	68	69	46	83
74	3	23	58	7
11	25	72	26	35
40	9	25	97	8
64	93	54	85	68
40	48	20	67	76
58	67	12	51	49
77	12	17	28	85
44	42	3	76	82
37	63	38	72	11
25	21	51	53	28
42	63	80	58	92
19	6	98	84	2
14	75	90	37	52
23	99	84	62	69
65	53	46	92	45
33	32	90	57	63
8	47	79	81	19
18	27	9	38	100
48	99	70	32	82
62	61	17	88	37
32	64	2	71	42
43	31	22	31	98
87	93	30	60	55
88	84	35	7	42
35	73	92	56	85
1	17	96	29	3
48	70	23	54	1
32	25	47	23	80
73	68	25	72	5
7	37	53	32	51
29	73	78	11	79
27	48	82	25	10
10	73	12	88	51
86	56	66	2	14
91	23	33	57	99
56	80	95	26	35
40	42	78	65	57
30	10	46	15	95
64	53	87	59	83
40	62	15	51	89
34	22	9	38	58
39	77	36	20	49
65	47	34	36	66
14	98	81	95	22
14	29	61	43	32
80	7	70	17	99
68	61	37	47	24
55	93	95	63	84
34	76	33	59	83
56	39	60	78	34
3	80	30	84	14
18	66	24	58	12
2	13	65	40	47
77	41	32	73	55
1	91	65	88	65
19	60	94	18	19
50	77	30	11	78
9	71	48	6	75
57	98	50	87	49
29	8	47	99	6
87	59	43	56	46
76	90	24	74	87
29	18	19	75	64
85	90	64	76	60
72	27	76	44	85
76	47	46	19	64
13	12	16	47	90
57	98	62	6	43
23	59	44	38	33
82	7	57	34	15
85	39	61	57	76
35	87	88	60	77
87	15	49	54	85
55	42	64	30	61
59	92	63	67	20
59	29	34	92	51
100	51	9	21	37
82	29	14	31	96
100	30	12	95	55
43	75	27	93	89
91	56	66	21	94
30	26	72	3	24
5	53	22	67	32
48	42	22	76	37
68	69	96	38	17
84	95	90	99	6
72	85	70	23	46
37	20	18	47	70
37	4	21	10	80
88	75	14	69	61
91	81	67	10	16
69	87	77	75	34
46	44	46	78	30
22	94	87	36	93
30	6	2	33	91
1	87	57	69	11
48	49	61	23	27
78	40	94	44	99
31	98	19	89	52
60	4	38	32	30
80	82	74	11	75
26	100	53	58	17
12	91	17	27	45
71	62	32	74	4
5	72	79	15	10
82	19	94	6	45
92	65	34	76	7
36	72	98	87	99
66	60	16	99	66
20	90	13	61	71
72	42	15	34	78
70	10	37	63	56
8	95	65	49	5
69	73	82	69	63
84	45	46	73	50
64	68	81	35	93
39	7	6	69	55
17	45	69	76	80
70	5	55	9	96
38	22	72	66	77
71	96	52	64	61
39	93	16	81	9
90	27	44	94	74
91	48	54	81	100
21	77	27	25	41
98	68	39	29	43
48	11	9	15	33
74	13	35	7	53
41	97	65	56	1
63	38	28	69	43
79	17	62	30	91
6	57	62	57	15
75	97	28	72	40
44	54	22	43	88
9	80	31	88	21
97	85	82	54	79
68	37	61	78	9
98	86	7	100	54
97	99	83	92	38
21	90	11	69	67
1	23	2	26	60
67	90	33	52	58
36	2	94	69	22
48	52	7	90	14
70	15	53	87	81
65	8	76	52	53
71	86	82	62	30
30	84	80	33	7
80	19	58	55	38
47	70	78	44	99
4	57	18	61	65
79	24	58	52	69
25	16	27	46	28
27	82	27	21	6
28	13	63	86	35
42	2	17	40	81
17	75	97	33	59
73	54	78	70	21
85	43	74	35	8
62	62	42	90	35
24	82	41	67	55
27	5	53	41	69
94	66	44	24	38
25	92	42	91	77
82	13	98	99	55
18	48	9	71	30
74	14	63	28	37
88	9	72	94	97
38	54	62	14	49
40	51	62	80	65
1	38	60	95	54